0 57 1130 93 77 174 1117 122 116 
1 57 1130 93 77 174 1117 122 115 
2 57 1130 92 77 174 1117 122 115 
3 58 1130 92 77 174 1117 122 115 
4 58 1131 92 76 174 1118 122 114 
5 58 1131 92 76 174 1118 122 114 
6 58 1131 92 76 173 1118 122 114 
7 58 1130 92 76 173 1118 122 114 
8 58 1130 92 77 173 1118 122 114 
9 58 1130 92 77 173 1118 122 114 
10 58 1130 91 77 174 1117 122 115 
11 58 1130 91 77 174 1117 122 115 
12 58 1130 91 77 174 1117 122 115 
13 58 1130 91 76 174 1117 122 115 
14 58 1130 91 76 173 1117 122 115 
15 58 1130 91 76 174 1118 121 115 
16 58 1130 91 76 174 1118 121 115 
17 58 1131 91 76 174 1117 121 115 
18 58 1131 91 76 174 1117 121 115 
19 59 1131 91 76 174 1117 121 115 
20 59 1131 90 76 174 1117 122 116 
21 59 1131 90 76 173 1117 122 116 
22 59 1131 90 76 173 1117 122 116 
23 59 1131 90 76 173 1117 122 116 
24 59 1130 90 76 173 1117 122 115 
25 59 1131 90 76 173 1118 122 115 
26 59 1131 90 76 173 1118 122 115 
27 59 1131 90 76 173 1118 122 115 
28 59 1131 91 76 173 1118 122 114 
29 58 1131 91 76 173 1118 122 115 
30 58 1131 91 76 173 1118 122 115 
31 58 1130 91 77 173 1117 123 115 
32 58 1130 91 77 173 1117 123 115 
33 58 1130 91 77 173 1117 123 115 
34 58 1130 91 77 173 1117 123 115 
35 58 1130 91 77 173 1117 123 115 
36 58 1130 91 77 172 1117 123 115 
37 58 1130 91 77 173 1117 123 115 
38 58 1130 92 77 173 1117 123 115 
39 58 1130 92 77 173 1117 123 115 
40 58 1130 92 77 173 1117 122 116 
41 58 1130 92 77 173 1117 122 115 
42 58 1130 92 77 173 1117 122 115 
43 58 1130 92 77 173 1117 122 115 
44 58 1130 92 77 173 1117 122 116 
45 58 1130 92 77 173 1117 123 116 
46 58 1130 92 77 172 1117 123 116 
47 58 1130 92 77 172 1117 123 116 
48 58 1130 92 77 172 1116 123 116 
49 58 1130 91 77 172 1116 123 116 
50 57 1133 93 74 172 1122 121 109 
51 56 1130 94 78 172 1121 121 110 
52 57 1130 93 78 171 1121 122 110 
53 57 1130 93 78 171 1121 122 110 
54 57 1130 93 78 171 1119 122 112 
55 57 1129 93 78 171 1119 122 111 
56 57 1129 93 79 171 1119 122 111 
57 57 1129 93 79 171 1119 122 111 
